$ANSIBLE_VAULT;1.1;AES256
62643163656630353335373762653761343533346632623533316663356332306263633134333533
3535616530333230353931343033643334333832396164350a623463643237316664393263336239
32326336393835313166323133303037393033303463393563626533626661616438336138663133
3838366163306361390a333263653365323039346133396531616463383630623839363365626639
61633131353332643830373462393438663130323030323937333363323766633132663261643765
31326531613066336332303165356563386364613964636461313265376638316463386332666230
38643331633033613535323062363533366665613164303834333330363738333838316534306466
65373763353365316237646333646434636439306133656165343566336231303362383434343561
33656264623432663331626532383830316438356461666564656266643934643238356231666139
39373032613531616131643533343534316339303436633335626462373331303033633531623164
38313566616237653632633832386538343537356536393661613039373139303033383266666466
65343633623333383030333131646163356566373962333638636261386361323061333036623634
30343663306662356533376230313732383265626163336232656566653235306432346534653339
62326233623033333661363937666537303939376339666433656161613735353431633333653565
39643162623361393836306437313762636463333138396334626664623061623963306631336337
64373236343038333339336462333631343136376338306630613537623461666538653862633139
66663965323563336133613435323136646333626238323563653233613164313465393237333332
33386632646639343232633138376131313663663030643730313632363536626338613033626466
32323764356639386237386665333639623737356539666231643166306132666134616166373861
37366432333262343935396162346534316630646530393739333236646462316238363762643065
36646364383430363339306164343637636433363265343932303161323164646339633135636432
33623964653064316362323333666664373233653335613238303938656362353236303337363430
36393333303665653464666438333865653734643266653333383336613564306635393933396333
39636436333530363137373236616236643963393835393531396538393739653662303466396631
34643134353333366137663639613537356137666262383964363534326566666364
