$ANSIBLE_VAULT;1.1;AES256
36623665323333353235303337373164393239656665613964626432653030626263616362653862
3732633661643231643136393365373231383561313864340a633864366539396637343037393032
62623063343434633334383435616566363239623831623065376265383564626462643637316530
6531306636323937660a353263393430623130383336343832366661343530396530633664666461
65306262386337653136333865313765346538346631346134633661653732666463356435666261
36336635346439376538313431303138356462313362626666646661386131303562363430393962
63376165643336643731353035326636393663633832653138393433346230623862646232393134
66303335666135626233333763623535303664373131373439323661633138336439336364333033
33363037353235633036306632623939633461643634383263623539363739353765666164613036
33366563343137303862333365326538386237643930343033643637363162666336363231356633
33393035313230623232626534323737396438613265663433373935333663333666386638366631
36316137653034353563346237333766656434646538646365323762643337363964363432626130
6638
